Problems to solve:
Problem		Points		Delta-points	Equiv-points
3180		832		832		5706
90		469		2500		2500
786		1076		2500		2500
1090		1205		2500		2500
1095		825		2500		2500
1133		2009		2500		2500
1154		1139		2500		2500
1157		786		2500		2500
1485		1476		2500		2500
1616		2313		2500		2500
1159		804		2500		2500
1617		1622		2500		2500
1160		836		2500		2500
1488		408		2500		2500
1619		1232		2500		2500
1712		292		2500		2500
1163		553		2500		2500
1621		967		2500		2500
1490		1756		2500		2500
2119		2006		2500		2500
2087		727		2500		2500
2227		1521		2500		2500
1626		1455		2500		2500
2090		783		2500		2500
1627		2015		2500		2500
2091		1098		2500		2500
1628		779		2500		2500
2093		872		2500		2500
1629		1405		2500		2500
2095		974		2500		2500
2097		875		2500		2500
2761		1095		2500		2500
1631		1171		2500		2500
2098		997		2500		2500
2753		265		2500		2500
2759		261		2500		2500
3177		942		2500		2500
1633		721		2500		2500
2103		1017		2500		2500
3193		269		2500		2500
1634		1027		2500		2500
2110		873		2500		2500
3199		267		2500		2500
3580		802		2500		2500
1635		1101		2500		2500
2111		946		2500		2500
3245		267		2500		2500
3610		1347		2500		2500
3706		412		2500		2500
3871		795		2500		2500
1966		755		2500		2500
2120		760		2500		2500
3707		395		2500		2500
3840		1068		2500		2500
3854		2499		2500		2500
4028		1931		2500		2500
4060		655		2500		2500
1637		1372		2500		2500
1987		517		2500		2500
2121		789		2500		2500
2877		278		2500		2500
3622		1216		2500		2500
3708		405		2500		2500
4029		1848		2500		2500
4098		1919		2500		2500
4293		1194		2500		2500
4294		840		2500		2500
2122		741		2500		2500
2928		417		2500		2500
3072		198		2500		2500
3625		731		2500		2500
3709		403		2500		2500
3805		1722		2500		2500
3874		662		2500		2500
4008		2496		2500		2500
4112		1289		2500		2500
4206		1702		2500		2500
4439		891		2500		2500
4454		328		2500		2500
1991		582		2500		2500
2123		787		2500		2500
3113		433		2500		2500
3626		1300		2500		2500
3710		421		2500		2500
3802		2116		2500		2500
4010		2494		2500		2500
4031		1813		2500		2500
4212		1206		2500		2500
4377		1306		2500		2500
4383		864		2500		2500
4456		843		2500		2500
4472		1187		2500		2500
4474		626		2500		2500
4572		454		2500		2500
2124		590		2500		2500
3711		387		2500		2500
3846		1008		2500		2500
3945		2052		2500		2500
4032		1809		2500		2500
4240		1433		2500		2500
4378		945		2500		2500
4599		993		2500		2500
4608		694		2500		2500
4696		625		2500		2500
4780		1173		2500		2500
4809		803		2500		2500
3151		436		2500		2500
3411		629		2500		2500
3668		984		2500		2500
3972		1018		2500		2500
4033		1822		2500		2500
4248		1551		2500		2500
4384		1786		2500		2500
4808		1181		2500		2500
4876		958		2500		2500
4877		1119		2500		2500
2130		912		2500		2500
3418		778		2500		2500
3713		403		2500		2500
4034		1909		2500		2500
4135		754		2500		2500
4252		794		2500		2500
4385		2405		2500		2500
4812		1191		2500		2500
4909		1120		2500		2500
4930		482		2500		2500
4984		865		2500		2500
2138		983		2500		2500
3714		405		2500		2500
3943		638		2500		2500
4035		1776		2500		2500
4275		1577		2500		2500
4386		1504		2500		2500
4823		1169		2500		2500
4923		685		2500		2500
5034		1118		2500		2500
3585		333		2500		2500
3715		403		2500		2500
4387		1223		2500		2500
4651		483		2500		2500
4674		1190		2500		2500
4860		1240		2500		2500
4927		871		2500		2500
4928		606		2500		2500
4932		1571		2500		2500
5136		1030		2500		2500
5142		1180		2500		2500
3586		388		2500		2500
3682		989		2500		2500
3716		421		2500		2500
4037		1822		2500		2500
4192		1534		2500		2500
4282		2072		2500		2500
4388		855		2500		2500
4684		677		2500		2500
4871		1176		2500		2500
4960		982		2500		2500
5130		544		2500		2500
5259		648		2500		2500
3718		387		2500		2500
3977		1565		2500		2500
4038		1778		2500		2500
4223		2097		2500		2500
4284		1680		2500		2500
4390		1186		2500		2500
4679		587		2500		2500
4687		599		2500		2500
4970		1335		2500		2500
5068		885		2500		2500
5175		1142		2500		2500
5236		260		2500		2500
5276		932		2500		2500
5302		399		2500		2500
3719		421		2500		2500
4039		1736		2500		2500
4220		2067		2500		2500
4302		833		2500		2500
4391		1206		2500		2500
4423		980		2500		2500
4688		874		2500		2500
4975		1154		2500		2500
5047		785		2500		2500
5113		1826		2500		2500
5192		815		2500		2500
5260		705		2500		2500
5332		373		2500		2500
5337		883		2500		2500
3721		403		2500		2500
4040		1735		2500		2500
4304		737		2500		2500
4368		961		2500		2500
4392		1468		2500		2500
4694		664		2500		2500
4989		1437		2500		2500
5022		598		2500		2500
5048		1080		2500		2500
5072		639		2500		2500
5140		1390		2500		2500
5333		345		2500		2500
5372		186		2500		2500
5408		805		2500		2500
5459		1418		2500		2500
3722		406		2500		2500
3875		170		2500		2500
4393		1508		2500		2500
4698		1029		2500		2500
5074		744		2500		2500
5112		1489		2500		2500
5234		1084		2500		2500
5339		386		2500		2500
5460		573		2500		2500
5492		1023		2500		2500
5526		777		2500		2500
5533		460		2500		2500
3723		403		2500		2500
4042		1727		2500		2500
4306		1415		2500		2500
4380		853		2500		2500
4700		691		2500		2500
4976		510		2500		2500
5083		459		2500		2500
5108		808		2500		2500
5115		1169		2500		2500
5168		1121		2500		2500
5347		603		2500		2500
5371		162		2500		2500
5570		1287		2500		2500
5571		603		2500		2500
5575		1719		2500		2500
5583		708		2500		2500
5591		1040		2500		2500
5599		426		2500		2500
3724		421		2500		2500
4043		1603		2500		2500
4702		884		2500		2500
4981		328		2500		2500
5053		878		2500		2500
5121		609		2500		2500
5348		591		2500		2500
5507		334		2500		2500
5576		551		2500		2500
5603		347		2500		2500
5613		1071		2500		2500
5617		461		2500		2500
5672		673		2500		2500
5688		1483		2500		2500
5737		1244		2500		2500
1744		285		2500		2500
3725		388		2500		2500
4704		722		2500		2500
4722		394		2500		2500
4986		386		2500		2500
5054		469		2500		2500
5132		1641		2500		2500
5180		808		2500		2500
5351		450		2500		2500
5514		271		2500		2500
5565		860		2500		2500
5578		543		2500		2500
5607		451		2500		2500
5619		495		2500		2500
5636		990		2500		2500
5693		1268		2500		2500
5786		1115		2500		2500
5799		1239		2500		2500
5816		946		2500		2500
5830		1504		2500		2500
3726		421		2500		2500
4046		1697		2500		2500
4706		850		2500		2500
4724		328		2500		2500
4992		461		2500		2500
5086		412		2500		2500
5134		781		2500		2500
5352		601		2500		2500
5532		293		2500		2500
5580		1258		2500		2500
5610		305		2500		2500
5615		511		2500		2500
5620		476		2500		2500
5640		1362		2500		2500
5671		404		2500		2500
5696		1654		2500		2500
5805		1200		2500		2500
5864		1272		2500		2500
5874		1158		2500		2500
5878		1527		2500		2500
5883		514		2500		2500
5887		727		2500		2500
1746		288		2500		2500
4047		1671		2500		2500
4419		1205		2500		2500
4710		786		2500		2500
4730		452		2500		2500
4993		552		2500		2500
5056		1024		2500		2500
5144		1305		2500		2500
5535		304		2500		2500
5582		879		2500		2500
5621		454		2500		2500
5638		335		2500		2500
5645		1490		2500		2500
5703		2137		2500		2500
5860		1121		2500		2500
5888		291		2500		2500
5957		343		2500		2500
1747		282		2500		2500
4718		774		2500		2500
4731		330		2500		2500
5058		606		2500		2500
5088		446		2500		2500
5585		861		2500		2500
5622		434		2500		2500
5647		1839		2500		2500
5717		1808		2500		2500
5865		1197		2500		2500
5875		1107		2500		2500
5893		1249		2500		2500
5910		661		2500		2500
5956		408		2500		2500
5999		606		2500		2500
6012		339		2500		2500
6022		558		2500		2500
6031		1035		2500		2500
346		15		2500		2500
991		245		2500		2500
1284		406		2500		2500
1340		71		2500		2500
1463		331		2500		2500
1748		289		2500		2500
2059		112		2500		2500
2304		286		2500		2500
2608		39		2500		2500
2700		433		2500		2500
2793		229		2500		2500
2941		345		2500		2500
3729		404		2500		2500
3933		1028		2500		2500
4049		1789		2500		2500
4317		791		2500		2500
4402		779		2500		2500
4442		1073		2500		2500
4467		106		2500		2500
4497		791		2500		2500
4563		490		2500		2500
4624		1282		2500		2500
4725		431		2500		2500
4732		766		2500		2500
4749		415		2500		2500
4804		662		2500		2500
4841		309		2500		2500
4864		812		2500		2500
4952		52		2500		2500
5007		154		2500		2500
5015		292		2500		2500
5059		619		2500		2500
5089		457		2500		2500
5164		2154		2500		2500
5196		143		2500		2500
5220		52		2500		2500
5295		39		2500		2500
5313		150		2500		2500
5326		53		2500		2500
5344		529		2500		2500
5365		1013		2500		2500
5382		441		2500		2500
5450		88		2500		2500
5475		72		2500		2500
5499		370		2500		2500
5516		222		2500		2500
5589		590		2500		2500
5623		454		2500		2500
5625		653		2500		2500
5649		1903		2500		2500
5732		1255		2500		2500
5792		105		2500		2500
5795		951		2500		2500
5806		2333		2500		2500
5828		240		2500		2500
5852		558		2500		2500
5886		1314		2500		2500
5889		1142		2500		2500
5894		840		2500		2500
5901		1940		2500		2500
5920		171		2500		2500
5934		94		2500		2500
5937		425		2500		2500
5962		349		2500		2500
5977		429		2500		2500
5983		815		2500		2500
5986		120		2500		2500
5988		2490		2500		2500
5992		214		2500		2500
6003		342		2500		2500
6023		503		2500		2500
6033		105		2500		2500
6037		1880		2500		2500
6038		785		2500		2500
6039		285		2500		2500
6040		1950		2500		2500
6046		2071		2500		2500
6050		55		2500		2500
6056		21		2500		2500
6060		321		2500		2500
6061		380		2500		2500
6066		596		2500		2500
6067		461		2500		2500
6070		1287		2500		2500
6072		338		2500		2500
6073		95		2500		2500
3852		1665		1666		1666
3965		1665		1666		1666
3624		1665		1666		1666
3834		1563		1615		1615
3562		1506		1586		1586
1097		1434		1550		1550
1638		1287		1477		1477
4079		1201		1434		1434
3970		1196		1431		1431
2250		1169		1417		1417
3039		73		465		1395
5414		1116		1391		1391
2730		1101		1384		1384
3594		1096		1381		1381
5151		1082		1374		1374
5882		1070		1368		1368
3940		1055		1361		1361
3819		1047		1357		1357
3952		1040		1354		1354
4044		1036		1351		1351
5208		1022		1344		1344
69		999		1333		1333
1636		903		1284		1284
5833		844		1255		1255
3560		1245		1247		1247
68		824		1246		1246
5824		825		1246		1246
1486		817		1242		1242
2352		801		1234		1234
3406		802		1234		1234
4101		759		1212		1212
3979		759		1212		1212
3863		1181		1204		1204
1947		721		1194		1194
4425		722		1194		1194
5163		1156		1187		1187
4424		676		1171		1171
1406		661		1164		1164
1632		653		1159		1159
5272		639		1153		1153
3340		624		1145		1145
905		621		1143		1143
67		608		1137		1137
3677		606		1137		1137
5411		606		1137		1137
2333		606		1136		1136
3348		603		1134		1134
4874		599		1133		1133
2672		590		1129		1129
748		570		1119		1119
4988		571		1119		1119
1239		567		1117		1117
3634		567		1117		1117
3885		564		1115		1115
3976		564		1115		1115
3866		537		1102		1102
3646		533		1100		1100
3179		524		1095		1095
3638		523		1095		1095
3344		514		1091		1091
3734		515		1091		1091
730		512		1089		1089
1899		505		1086		1086
2969		494		1080		1080
3578		488		1077		1077
1368		485		1076		1076
4933		478		1072		1072
3767		468		1067		1067
4111		465		1066		1066
1489		450		1059		1059
4969		446		1056		1056
4138		442		1055		1055
1963		429		1048		1048
2215		427		1046		1046
3690		943		1046		1046
1971		420		1043		1043
3992		405		1035		1035
3683		399		1032		1032
1972		390		1028		1028
1965		384		1025		1025
746		380		1023		1023
5900		909		1023		1023
3813		373		1020		1020
4926		365		1016		1016
4281		367		1016		1016
2578		333		1000		1000
3841		869		996		996
5375		323		995		995
5381		321		994		994
1959		320		993		993
1973		318		992		992
5084		315		991		991
5380		317		991		991
1367		311		988		988
1945		308		988		988
4305		309		988		988
5614		299		983		983
4781		298		982		982
5343		291		978		978
1843		285		976		976
2721		285		976		976
87		282		974		974
1875		282		974		974
1941		279		973		973
5190		278		972		972
4811		822		964		964
3985		255		960		960
3989		811		957		957
4637		241		954		954
88		230		948		948
91		226		947		947
4645		215		940		940
1738		197		932		932
1716		194		931		931
72		770		930		930
1727		194		930		930
1739		193		930		930
1740		193		930		930
5157		907		930		930
1713		190		929		929
3867		192		929		929
1717		189		928		928
1721		187		927		927
1711		186		926		926
1719		186		926		926
84		184		925		925
1724		183		925		925
1737		183		925		925
1722		179		923		923
2810		897		923		923
1728		180		923		923
1730		179		923		923
1715		178		922		922
1726		178		922		922
1714		176		921		921
1741		177		921		921
1736		174		920		920
1718		173		919		919
5798		888		916		916
5189		132		900		900
3803		126		897		897
5515		120		893		893
3410		115		890		890
1241		111		889		889
3996		110		889		889
3781		98		882		882
3368		96		881		881
4119		95		881		881
6011		839		879		879
3342		85		875		875
2883		80		873		873
2209		70		868		868
4784		70		868		868
5143		820		865		865
5444		818		821		821
5158		804		810		810
5152		790		799		799
5155		784		794		794
3949		771		783		783
3735		755		770		770
4415		522		764		764
4250		506		754		754
3352		493		746		746
5154		691		720		720
5035		686		716		716
2225		714		714		714
2414		713		714		714
5160		684		714		714
3990		706		708		708
5162		698		701		701
4913		404		686		686
5153		680		686		686
5156		672		679		679
1237		567		676		676
5159		668		676		676
3971		658		667		667
3959		375		666		666
4922		371		664		664
2836		537		653		653
2796		640		652		652
5777		640		652		652
5871		640		652		652
4965		339		642		642
5890		626		641		641
5135		516		637		637
3865		616		632		632
61		309		623		623
4422		297		614		614
5161		607		610		610
3629		554		609		609
71		472		604		604
5249		599		602		602
5107		269		596		596
5106		249		583		583
5267		570		578		578
5069		239		576		576
5379		233		572		572
5817		232		571		571
64		426		570		570
3974		559		569		569
5268		555		565		565
5378		220		564		564
1885		220		563		563
5811		550		560		560
5097		207		555		555
5191		406		554		554
86		400		550		550
2146		550		550		550
3956		197		548		548
5102		189		543		543
65		390		542		542
2714		536		538		538
2537		530		533		533
3960		516		532		532
2080		513		529		529
3249		448		525		525
3862		159		523		523
3961		507		523		523
286		444		522		522
3951		517		522		522
22		155		520		520
70		359		520		520
3968		514		520		520
2903		356		517		517
1725		149		516		516
3947		508		514		514
1735		145		514		514
4719		146		514		514
1733		142		512		512
1742		143		512		512
1723		142		511		511
1729		141		511		511
3964		469		510		510
1734		137		508		508
4699		138		508		508
713		343		507		507
3416		500		506		506
1732		134		506		506
5051		130		503		503
5014		123		499		499
3958		477		498		498
3966		490		498		498
4088		488		497		497
5050		120		496		496
2264		495		495		495
3642		325		494		494
5055		111		490		490
3546		318		488		488
2265		472		483		483
4041		459		483		483
2569		479		481		481
3146		429		476		476
3963		451		476		476
737		300		475		475
3962		446		472		472
5006		80		470		470
3969		431		459		459
4048		427		456		456
60		261		445		445
3967		429		445		445
5364		348		445		445
4802		390		444		444
28		344		442		442
92		424		441		441
3298		343		441		441
3274		254		441		441
1842		252		439		439
4793		408		439		439
3022		245		434		434
4262		429		432		432
5020		374		431		431
4602		418		427		427
3178		324		426		426
5018		366		424		424
35		405		415		415
1630		211		408		408
739		209		406		406
6001		361		399		399
4797		355		394		394
3647		190		393		393
1758		384		387		387
4721		180		385		385
4791		369		384		384
3182		356		381		381
3303		264		377		377
3691		167		375		375
5110		261		375		375
1960		164		373		373
1982		163		372		372
2505		158		368		368
3281		249		366		366
3201		320		364		364
4114		345		356		356
1834		277		350		350
3641		230		350		350
4973		121		340		340
4073		212		337		337
3637		211		335		335
89		107		330		330
2499		281		330		330
4796		295		328		328
1953		244		323		323
5531		98		323		323
4366		238		318		318
724		188		317		317
3636		188		317		317
5513		89		317		317
5027		88		316		316
4286		185		315		315
4794		289		312		312
5139		81		311		311
3639		178		309		309
1950		256		308		308
85		169		302		302
5374		169		302		302
4996		66		300		300
66		215		298		298
2712		63		297		297
3397		163		297		297
2896		63		297		297
4997		63		297		297
3293		161		295		295
2898		61		295		295
719		159		294		294
4678		159		293		293
2844		57		292		292
4287		56		292		292
4995		55		291		291
4801		254		291		291
5377		154		290		290
5510		53		290		290
2498		250		288		288
2500		250		288		288
5017		202		287		287
4723		143		281		281
4800		223		280		280
716		188		276		276
3632		189		276		276
5376		129		270		270
5101		206		266		266
82		260		265		265
3829		220		262		262
4795		232		262		262
5036		245		260		260
1030		113		257		257
2630		113		257		257
1028		112		256		256
2501		225		256		256
3345		112		256		256
1024		111		255		255
1026		110		255		255
2627		111		255		255
3860		193		255		255
1022		109		254		254
1031		109		254		254
2625		109		254		254
1027		108		253		253
1029		108		253		253
1949		108		253		253
1025		106		251		251
2629		105		251		251
1020		104		250		250
1021		105		250		250
1023		105		250		250
1956		205		249		249
1942		95		242		242
1763		236		239		239
32		84		234		234
53		136		232		232
4665		133		230		230
4670		130		228		228
4720		130		227		227
4713		128		226		226
4676		126		224		224
5508		71		224		224
5392		124		222		222
5476		64		218		218
4667		117		217		217
5511		60		215		215
5373		114		214		214
1938		144		212		212
4994		53		209		209
5001		52		208		208
4999		51		207		207
4426		179		206		206
2868		47		204		204
2839		45		203		203
1832		44		202		202
5745		44		201		201
5061		42		200		200
2824		41		199		199
5038		40		199		199
4803		186		199		199
5042		39		198		198
4838		94		198		198
97		94		197		197
2718		34		194		194
51		87		192		192
2779		31		191		191
4680		117		190		190
2527		28		189		189
2666		29		189		189
4682		116		189		189
1019		187		188		188
4285		82		188		188
2455		25		186		186
4663		110		183		183
4673		109		183		183
96		76		182		182
2415		178		178		178
2940		121		175		175
4792		168		174		174
3584		96		172		172
1660		169		170		170
93		60		169		169
1652		168		169		169
1659		168		169		169
5530		60		169		169
52		113		168		168
1954		135		167		167
1662		165		166		166
1595		109		165		165
1656		164		165		165
3272		145		165		165
1654		163		164		164
4790		138		164		164
1650		162		163		163
1958		86		163		163
1663		162		163		163
1664		162		163		163
3904		107		163		163
1657		159		160		160
1658		160		160		160
5045		49		159		159
1645		157		158		158
1646		157		158		158
1661		157		158		158
3848		101		158		158
1643		155		156		156
5043		45		156		156
3838		45		156		156
5000		45		156		156
26		112		155		155
2205		152		155		155
1642		152		153		153
3160		39		152		152
5146		138		152		152
5044		39		151		151
5184		39		151		151
1644		149		150		150
2275		71		150		150
1647		149		150		150
5064		37		150		150
1641		148		149		149
3153		37		149		149
4788		144		149		149
5057		36		149		149
1745		69		149		149
3176		33		147		147
3891		89		147		147
3154		33		146		146
3155		33		146		146
3564		32		146		146
5742		33		146		146
3141		31		145		145
2496		30		144		144
3130		30		144		144
3157		30		144		144
3139		29		143		143
3142		26		141		141
2795		59		140		140
2229		79		138		138
3931		123		138		138
5271		20		136		136
2936		87		133		133
1943		48		130		130
4408		48		130		130
2929		94		130		130
5643		119		130		130
1278		81		128		128
4836		66		127		127
3929		114		125		125
3362		62		124		124
3807		40		123		123
3812		39		123		123
3832		39		123		123
3833		39		123		123
3835		40		123		123
3822		38		122		122
3884		38		122		122
3788		37		121		121
3806		73		120		120
30		57		119		119
5616		100		117		117
3391		68		116		116
5031		77		115		115
4833		65		113		113
2355		26		111		111
2909		25		111		111
1229		23		109		109
3588		104		109		109
4441		70		109		109
73		107		108		108
2200		21		107		107
2716		99		104		104
3920		97		104		104
3928		94		104		104
3925		96		103		103
75		99		102		102
3804		35		100		100
3901		89		95		95
34		43		94		94
3895		88		94		94
3924		86		94		94
3921		83		91		91
2331		22		89		89
2886		22		89		89
2933		73		88		88
2935		60		87		87
81		84		86		86
3916		80		86		86
3919		80		86		86
5685		72		86		86
3890		79		85		85
3907		79		85		85
3900		77		83		83
3102		16		83		83
2067		79		82		82
5880		78		82		82
3909		75		81		81
3897		74		80		80
3773		79		80		80
3914		74		80		80
2191		68		72		72
2669		18		72		72
3484		67		69		69
3581		26		69		69
3817		65		67		67
1833		60		64		64
3265		58		63		63
1411		57		62		62
2104		33		62		62
2812		33		62		62
2800		33		62		62
3811		58		60		60
2937		50		59		59
80		55		58		58
1608		19		55		55
1416		38		54		54
79		48		51		51
3815		48		50		50
1997		12		49		49
1409		9		46		46
1527		8		45		45
3664		43		45		45
98		13		44		44
2092		11		42		42
1594		20		42		42
2972		36		42		42
5046		16		42		42
3810		37		39		39
2931		30		38		38
3771		35		37		37
5312		18		35		35
2998		32		34		34
3770		32		34		34
5123		27		34		34
3816		31		34		34
4464		12		27		27
1140		7		25		25
3774		21		24		24
4460		11		23		23
2058		11		23		23
5935		14		21		21
4562		10		19		19
2175		12		16		16
3288		13		16		16
4555		13		15		15
4561		10		15		15
5237		6		11		11
5949		1		11		11
1079		2		10		10
2218		5		10		10
5238		6		10		10
4556		5		7		7
1776		1		4		4
SOLVED PROBLEMS to submeq:
Problem		Points		Delta-points	Equiv-points
3145		242		2500		7500
759		23		109		2659
1294		11		48		2099
1376		78		116		1760
4813		280		460		1380
683		96		881		1346
690		96		881		1346
681		95		880		1344
686		71		464		1344
847		467		478		956
680		72		465		930
687		73		465		930
688		73		465		930
689		72		465		930
685		71		464		928
4337		70		868		868
4364		70		868		868
4372		70		868		868
4409		70		868		868
684		72		465		758
4990		51		207		675
4603		284		318		636
1464		113		131		612
4897		73		465		465
1471		131		157		464
754		62		88		459
5843		57		455		455
4336		52		451		451
5789		31		73		444
3184		52		80		428
5967		185		389		389
1468		131		157		353
556		136		352		352
555		136		352		352
5335		79		310		310
5336		79		310		310
5417		79		310		310
5418		79		310		310
5419		79		310		310
5420		79		310		310
5421		79		310		310
5422		79		310		310
2573		63		63		301
5856		154		290		290
5985		35		276		276
1397		77		137		274
1131		7		30		260
5185		157		250		250
5178		157		250		250
1760		132		229		229
4832		49		206		206
4893		49		206		206
94		8		28		202
519		44		202		202
4440		40		199		199
4319		158		196		196
4495		158		196		196
1256		67		99		180
1258		67		99		180
2866		7		34		165
1459		131		157		157
1462		131		157		157
1466		131		157		157
1467		131		157		157
1469		131		157		157
4485		131		157		157
4486		131		157		157
4321		131		157		157
4493		131		157		157
2736		41		154		154
2737		41		154		154
2742		41		154		154
2743		41		154		154
2744		41		154		154
2745		41		154		154
2746		41		154		154
2747		41		154		154
2749		41		154		154
2280		71		150		150
2289		71		150		150
1282		90		148		148
2226		34		147		147
2482		13		44		147
2774		34		147		147
5723		34		147		147
3824		32		146		146
1451		121		143		143
1452		121		143		143
1455		121		143		143
1457		121		143		143
1465		121		143		143
4484		121		143		143
4329		121		143		143
4328		121		143		143
4487		121		143		143
4488		121		143		143
4489		121		143		143
4322		121		143		143
4492		121		143		143
3745		26		140		140
3761		26		140		140
3760		26		140		140
3759		26		140		140
4450		30		31		139
1396		77		137		137
1398		77		137		137
1400		77		137		137
6002		76		136		136
2521		51		133		133
3143		51		133		133
4579		51		133		133
2686		86		132		132
2687		86		132		132
2688		86		132		132
4335		113		131		131
4334		113		131		131
4333		113		131		131
4331		113		131		131
4330		113		131		131
4327		113		131		131
4326		113		131		131
4325		113		131		131
4324		113		131		131
4323		113		131		131
4491		113		131		131
1272		81		128		128
1277		81		128		128
3563		43		127		127
3566		43		127		127
2277		63		124		124
4332		105		122		122
4490		105		122		122
58		72		120		120
2240		36		120		120
2241		36		120		120
2513		36		120		120
2514		36		120		120
2515		36		120		120
2516		36		120		120
2733		36		120		120
2734		36		120		120
2735		36		120		120
2738		36		120		120
2739		36		120		120
2741		36		120		120
2357		78		116		116
2358		78		116		116
2359		78		116		116
2673		78		116		116
2675		78		116		116
2676		78		116		116
2680		78		116		116
2681		78		116		116
2684		78		116		116
2685		78		116		116
5601		68		116		116
5602		68		116		116
5604		68		116		116
5605		68		116		116
5829		53		116		116
2822		32		57		114
2196		28		113		113
1259		73		111		111
1260		73		111		111
1265		73		111		111
1269		73		111		111
1270		73		111		111
1271		73		111		111
1273		73		111		111
1274		73		111		111
1275		73		111		111
1276		73		111		111
1279		73		111		111
1280		73		111		111
1281		73		111		111
2550		23		109		109
4428		23		109		109
2114		69		108		108
2808		29		51		107
1609		38		103		103
2713		38		103		103
2674		72		103		103
2678		72		103		103
2682		72		103		103
2683		72		103		103
4397		38		103		103
3385		62		101		101
3387		62		101		101
3388		62		101		101
3389		62		101		101
3390		62		101		101
5916		62		101		101
2840		74		100		100
2835		74		100		100
1255		67		99		99
1257		67		99		99
1261		67		99		99
1262		67		99		99
1263		67		99		99
1264		67		99		99
1266		67		99		99
1267		67		99		99
2074		32		97		97
56		63		95		95
4881		29		95		95
4894		29		95		95
4896		29		95		95
4898		29		95		95
2861		27		93		93
4381		27		93		93
4410		27		93		93
23		25		91		91
2523		25		91		91
3579		25		91		91
3373		57		90		90
3376		57		90		90
3377		57		90		90
3381		57		90		90
3382		57		90		90
3384		57		90		90
5070		39		90		90
5264		39		90		90
5340		39		90		90
5436		39		90		90
1252		62		88		88
1254		62		88		88
566		19		86		86
2088		19		86		86
2617		76		86		86
3104		76		86		86
4379		19		86		86
2827		68		86		86
5448		17		84		84
4382		16		83		83
1337		15		83		83
2876		21		41		82
1249		58		81		81
1402		72		81		81
521		64		81		81
1250		58		81		81
1403		72		81		81
1404		72		81		81
1253		58		81		81
1405		72		81		81
1407		72		81		81
2706		72		81		81
2772		72		81		81
2773		72		81		81
3374		52		80		80
3379		52		80		80
582		46		79		79
5323		11		79		79
4953		11		79		79
175		1		3		78
2332		36		78		78
2335		36		78		78
2338		36		78		78
2339		36		78		78
2340		36		78		78
2341		36		78		78
2342		36		78		78
2343		36		78		78
1242		24		77		77
1243		24		77		77
1244		24		77		77
2403		24		77		77
3587		35		77		77
4459		35		77		77
4916		35		77		77
2535		32		74		74
3144		32		74		74
4580		32		74		74
5831		40		74		74
160		31		73		73
1044		31		73		73
1123		31		73		73
1124		31		73		73
1125		31		73		73
1126		31		73		73
1127		31		73		73
1128		31		73		73
2168		31		73		73
2846		18		72		72
2849		18		72		72
4347		38		72		72
2862		18		72		72
4352		38		72		72
4357		38		72		72
2794		17		70		70
2512		15		69		69
1544		7		34		68
1549		7		34		68
1552		7		34		68
4070		32		67		67
2570		66		66		66
5119		51		65		65
5120		51		65		65
5813		36		65		65
5832		36		65		65
1170		21		64		64
1232		21		64		64
4348		35		64		64
4349		35		64		64
4350		35		64		64
4351		35		64		64
4839		31		33		64
4353		35		64		64
4354		35		64		64
4356		35		64		64
4358		35		64		64
4361		35		64		64
5319		10		64		64
5320		10		64		64
5321		10		64		64
5322		10		64		64
3166		18		62		62
3168		18		62		62
3169		18		62		62
1395		17		61		61
4389		17		61		61
3417		17		60		60
55		37		58		58
83		23		58		58
1296		13		57		57
1297		13		57		57
1301		13		57		57
2493		13		57		57
1314		13		57		57
1315		13		57		57
1077		45		55		55
585		34		55		55
2189		24		54		54
2566		24		54		54
2567		24		54		54
2882		24		54		54
3138		24		54		54
3197		24		54		54
3948		24		54		54
4163		24		54		54
4577		24		54		54
5316		9		54		54
5317		9		54		54
5318		9		54		54
494		16		53		53
2188		52		53		53
3161		17		53		53
3162		17		53		53
3164		17		53		53
3167		17		53		53
4861		50		53		53
4954		9		53		53
5223		9		53		53
3552		51		52		52
4370		14		51		51
4595		21		51		51
4573		14		51		51
4597		21		51		51
4598		21		51		51
4600		21		51		51
4581		14		51		51
25		42		50		50
787		48		49		49
1073		13		49		49
2398		11		48		48
4453		16		47		47
877		21		47		47
4571		9		14		47
878		21		47		47
4574		16		47		47
4582		16		47		47
1201		27		46		46
4958		8		45		45
4957		8		45		45
5212		8		45		45
4956		8		45		45
5224		8		45		45
1093		26		43		43
1098		12		43		43
784		19		41		41
503		25		41		41
855		19		41		41
856		19		41		41
857		19		41		41
510		25		41		41
858		19		41		41
859		19		41		41
860		19		41		41
861		19		41		41
2107		19		41		41
2778		21		41		41
3196		21		41		41
3297		19		41		41
4072		21		41		41
2129		8		40		40
1564		8		40		40
1565		8		40		40
4576		8		40		40
4959		8		40		40
5214		8		40		40
5213		8		40		40
4856		37		39		39
4858		37		39		39
1366		14		19		38
1091		17		37		37
3831		20		37		37
4455		20		37		37
3304		15		37		37
5118		11		37		37
5456		11		37		37
4853		36		37		37
4857		35		37		37
838		7		8		36
50		24		35		35
1533		7		34		34
1540		7		34		34
1542		7		34		34
1545		7		34		34
1546		7		34		34
2519		11		34		34
1547		7		34		34
2561		11		34		34
2621		14		34		34
1550		7		34		34
3023		11		34		34
1553		7		34		34
1554		7		34		34
1555		7		34		34
1557		7		34		34
1559		7		34		34
1561		7		34		34
1562		7		34		34
4966		7		34		34
4962		7		34		34
5216		7		34		34
4535		11		34		34
4851		33		34		34
4961		7		34		34
5215		7		34		34
1238		16		33		33
1840		16		33		33
2072		16		33		33
4837		31		33		33
4849		32		33		33
285		9		32		32
4834		31		32		32
4840		31		32		32
4845		31		32		32
4846		31		32		32
4848		31		32		32
4566		30		31		31
4526		10		30		30
4527		10		30		30
4528		10		30		30
4529		10		30		30
4530		10		30		30
4531		10		30		30
4532		10		30		30
4533		10		30		30
4534		10		30		30
293		9		29		29
2436		15		29		29
3859		9		29		29
2440		15		29		29
4590		6		29		29
4591		6		29		29
4968		6		29		29
4592		6		29		29
4967		6		29		29
4593		6		29		29
4964		6		29		29
5209		6		29		29
4963		6		29		29
5210		6		29		29
2434		15		28		28
2439		15		28		28
2443		15		28		28
1762		7		27		27
5133		4		27		27
2552		12		26		26
5426		23		26		26
2428		14		25		25
2429		14		25		25
2430		14		25		25
2432		14		25		25
2433		14		25		25
2435		14		25		25
3350		14		25		25
2437		14		25		25
2438		14		25		25
4288		24		25		25
2441		14		25		25
2442		14		25		25
1478		6		24		24
1831		3		24		24
2507		3		24		24
2508		3		24		24
3403		6		24		24
47		10		23		23
584		13		23		23
1603		22		23		23
2187		13		23		23
2431		13		23		23
5349		21		23		23
4461		10		23		23
187		3		21		21
2231		3		21		21
2232		3		21		21
2233		3		21		21
2234		3		21		21
36		19		20		20
1008		6		10		20
2367		5		20		20
49		11		19		19
901		14		19		19
3181		5		19		19
3608		3		19		19
939		8		9		18
5294		4		18		18
5231		13		17		17
1764		4		16		16
2071		5		16		16
2317		12		16		16
2318		12		16		16
2320		12		16		16
2322		12		16		16
2323		12		16		16
2324		12		16		16
2807		5		16		16
2325		12		16		16
3024		5		16		16
2326		12		16		16
2327		12		16		16
5205		12		16		16
1844		4		14		14
2204		11		14		14
2897		3		13		13
4376		7		13		13
5762		10		13		13
5138		9		12		12
18		4		11		11
778		9		11		11
1639		9		11		11
952		9		11		11
967		9		11		11
972		9		11		11
981		9		11		11
982		9		11		11
983		9		11		11
172		9		10		10
791		3		10		10
512		9		10		10
665		6		10		10
998		6		10		10
999		6		10		10
1005		6		10		10
1007		6		10		10
934		8		10		10
954		9		10		10
962		8		10		10
914		7		9		9
916		7		9		9
1000		5		9		9
918		8		9		9
1001		5		9		9
1004		5		9		9
1006		5		9		9
2805		4		9		9
3407		4		9		9
3539		7		9		9
3843		7		9		9
4081		7		9		9
4099		5		9		9
4283		7		9		9
5885		5		9		9
1777		6		8		8
2197		6		8		8
2723		3		8		8
5292		2		8		8
1766		2		7		7
1768		2		7		7
2228		2		7		7
2244		2		7		7
2274		3		7		7
2554		3		7		7
2580		1		4		7
2782		5		7		7
2556		3		7		7
3083		3		7		7
4051		3		7		7
5290		2		7		7
17		2		6		6
42		2		6		6
1132		1		3		6
975		2		6		6
2245		2		6		6
2494		1		3		6
2396		2		6		6
2395		2		6		6
2618		4		6		6
2623		2		6		6
2624		4		6		6
2670		4		6		6
2802		4		6		6
2195		2		6		6
2766		4		6		6
2390		2		6		6
2387		2		6		6
3071		2		6		6
3278		4		6		6
3205		2		6		6
5009		1		3		6
4884		2		6		6
4885		2		6		6
5416		2		6		6
5536		2		6		6
2602		2		6		6
5289		2		6		6
5291		2		6		6
7		4		5		5
750		2		5		5
184		2		5		5
902		2		5		5
903		2		5		5
1130		2		5		5
1138		2		5		5
527		2		5		5
1099		2		5		5
994		2		5		5
1570		2		5		5
2065		2		5		5
2112		2		5		5
2272		2		5		5
2397		2		5		5
2538		3		5		5
2720		2		5		5
2393		2		5		5
2770		2		5		5
2392		2		5		5
2391		2		5		5
2894		2		5		5
2389		2		5		5
2901		2		5		5
3506		2		5		5
2386		2		5		5
2385		2		5		5
3088		2		5		5
4882		2		5		5
4883		2		5		5
5288		2		5		5
183		1		4		4
457		3		4		4
773		1		2		4
506		3		4		4
1567		1		4		4
1624		1		4		4
1731		2		4		4
1374		1		4		4
1375		1		4		4
1783		2		4		4
2237		1		4		4
1784		2		4		4
1386		1		4		4
2247		1		4		4
1387		1		4		4
2424		2		4		4
2581		1		4		4
1389		1		4		4
2582		1		4		4
2784		1		4		4
1391		1		4		4
2426		2		4		4
2583		1		4		4
2887		1		4		4
2997		1		4		4
2484		2		4		4
2586		1		4		4
2486		2		4		4
2489		2		4		4
2490		2		4		4
2492		2		4		4
4878		1		4		4
4921		1		4		4
4879		1		4		4
4880		1		4		4
5285		1		4		4
5286		1		4		4
5287		1		4		4
1		0		0		3
14		1		3		3
15		1		3		3
16		1		3		3
38		1		3		3
39		1		3		3
41		1		3		3
776		1		3		3
1068		1		3		3
1071		1		3		3
1076		1		3		3
1085		1		3		3
1179		1		3		3
1231		1		3		3
1118		1		3		3
1371		1		3		3
1372		1		3		3
1373		1		3		3
1778		2		3		3
1847		1		3		3
1779		2		3		3
1780		2		3		3
1352		1		3		3
1377		1		3		3
1781		2		3		3
1848		1		3		3
2201		1		3		3
1383		1		3		3
1606		1		3		3
1782		2		3		3
2334		1		3		3
1384		1		3		3
2412		1		3		3
1385		1		3		3
2421		2		3		3
2425		2		3		3
2427		2		3		3
2584		1		3		3
2585		1		3		3
3322		1		3		3
2485		2		3		3
2587		1		3		3
2588		1		3		3
2488		2		3		3
2589		1		3		3
2590		1		3		3
2491		2		3		3
2591		1		3		3
4594		1		3		3
2592		1		3		3
2593		1		3		3
2594		1		3		3
2595		1		3		3
2596		1		3		3
2597		1		3		3
2599		1		3		3
342		0		3		3
13		1		2		2
40		1		2		2
1094		1		2		2
1111		1		2		2
1181		1		2		2
1705		1		2		2
3020		1		2		2
3043		1		2		2
4457		0		1		2
341		0		2		2
5839		0		2		2
8		0		1		1
178		0		1		1
579		0		1		1
710		0		1		1
300		0		1		1
157		0		1		1
1164		0		1		1
1146		0		1		1
1166		0		1		1
1104		0		1		1
1149		0		1		1
1168		0		1		1
305		0		1		1
735		0		1		1
1106		0		1		1
1173		0		1		1
740		0		1		1
1155		0		1		1
1178		0		1		1
742		0		1		1
1156		0		1		1
1180		0		1		1
2127		0		1		1
309		0		1		1
1190		0		1		1
313		0		1		1
314		0		1		1
315		0		1		1
316		0		1		1
319		0		1		1
4080		0		1		1
322		0		1		1
323		0		1		1
325		0		1		1
326		0		1		1
327		0		1		1
329		0		1		1
330		0		1		1
331		0		1		1
334		0		1		1
335		0		1		1
337		0		1		1
338		0		1		1
339		0		1		1
340		0		1		1
